150
48
49
50
51
52
53
120
121
41
42
109
110
111
112
113
114
87
88
89
90
91
92
93
94
130
14
63
64
65
66
67
68
69
108
70
54
39
117
118
119
59
60
61
62
36
28
29
30
31
112
6
7
8
9
10
11
12
137
122
123
132
178
32
33
34
35
37
22
161
162
163
164
109
144
145
146
147
148
149
9
138
165
166
167
168
169
170
171
84
17
18
19
20
21
23
17
151
172
173
174
127
174
131
133
134
135
136
76
169
31
43
175
176
119
142
152
153
154
155
105
141
99
100
101
101
95
96
97
98
42
128
129
78
79
80
81
82
83
85
59
102
103
74
135
75
156
157
158
159
160
168
86
77
89
2
3
4
5
155
13
106
107
88
15
