156
145
146
147
125
126
174
175
176
177
178
179
89
90
91
92
59
124
127
128
129
130
131
181
182
183
184
185
186
187
144
107
108
109
110
111
166
167
168
169
51
52
53
54
47
48
133
134
135
113
56
57
58
140
100
101
102
103
104
105
106
128
34
35
110
112
82
155
157
93
94
95
183
62
63
64
65
66
150
29
30
89
170
171
172
173
42
72
73
74
75
76
77
24
137
192
87
88
22
138
139
141
126
25
26
27
28
31
6
180
158
159
160
161
162
163
165
189
190
191
193
194
147
50
55
149
151
152
153
154
137
164
45
122
196
41
43
44
46
108
119
120
121
123
58
32
33
99
80
18
19
20
21
118
136
114
115
116
140
146
96
97
98
190
95
148
