200
154
155
156
157
168
169
170
171
172
195
196
197
198
18
128
129
130
131
132
50
51
52
53
54
55
56
9
10
11
12
146
147
148
111
112
113
114
115
29
30
31
32
33
34
141
142
109
110
189
190
191
192
193
194
199
201
202
63
64
65
82
83
84
85
35
160
66
67
58
10
127
134
135
136
137
138
73
149
150
151
152
153
48
64
144
92
173
138
13
14
15
16
17
67
13
161
55
116
117
181
71
72
74
149
139
140
143
145
100
158
159
106
107
108
146
49
26
27
28
146
44
45
46
47
115
20
21
22
23
24
7
75
76
77
131
4
5
6
8
48
172
123
124
125
126
69
76
86
87
88
96
174
1
165
166
167
170
3
