118
73
74
75
90
91
92
93
94
48
49
50
139
140
141
142
143
35
36
37
137
138
95
96
97
98
8
9
10
11
12
88
2
3
4
144
145
54
55
56
57
58
106
107
108
109
110
111
13
14
15
16
17
18
34
41
47
51
52
53
102
103
104
105
121
122
123
124
125
126
127
74
32
33
132
5
35
146
147
148
149
90
67
117
119
120
41
140
23
24
25
26
27
28
29
30
35
7
39
40
42
43
44
45
46
58
69
85
86
87
89
24
112
66
30
76
77
78
79
80
81
87
131
133
134
135
136
88
19
46
130
62
63
64
65
68
103
59
60
61
110
97
2
142
83
84
116
6
99
100
128
1
115
100
101
114
10
20
21
22
47
42
