94
142
143
144
145
146
147
168
169
170
56
57
58
59
60
61
36
37
38
39
40
41
42
43
50
51
52
66
67
68
69
70
71
72
19
137
138
139
140
141
123
124
125
126
127
128
129
130
109
110
111
112
113
114
115
116
162
163
164
165
104
105
106
107
108
30
133
149
78
79
80
81
82
83
84
85
147
86
3
4
5
6
7
8
104
10
11
12
13
26
178
22
145
148
173
174
175
179
20
136
161
171
172
139
31
174
176
177
159
160
52
158
5
2
103
147
95
96
97
98
99
37
44
45
86
74
75
76
77
124
12
14
15
16
165
34
35
140
132
134
135
154
21
23
24
25
27
96
64
65
91
81
63
46
47
48
49
179
97
33
111
