72
188
189
18
19
20
143
125
126
127
128
129
68
69
70
71
73
74
12
13
14
15
16
17
27
28
29
30
31
32
115
118
196
197
198
199
200
201
89
33
34
35
36
37
38
89
187
190
191
199
172
193
194
195
20
119
120
121
122
141
100
101
102
103
104
145
82
129
25
126
109
180
90
53
54
55
56
57
58
59
60
175
41
1
149
146
147
148
150
181
75
7
8
9
10
11
193
50
51
52
181
39
40
84
85
86
87
185
77
78
79
80
81
195
21
114
67
130
110
111
112
113
116
191
109
171
173
2
83
71
164
174
176
177
178
179
145
136
137
138
139
140
142
146
