171
32
33
34
35
38
84
85
86
44
45
46
47
22
23
123
124
1
2
3
4
5
6
7
8
9
166
167
168
169
170
102
103
104
105
106
97
98
19
20
21
39
40
41
42
43
82
83
87
66
67
68
69
88
89
90
91
92
93
119
137
138
11
162
136
185
186
187
188
189
190
191
86
42
92
10
30
31
103
199
200
201
202
203
204
205
206
139
153
75
76
77
78
79
80
81
163
149
150
151
16
127
128
129
130
103
119
192
21
61
107
108
4
199
146
147
148
152
117
141
125
126
188
39
12
13
14
75
142
143
144
145
152
193
120
30
154
166
121
122
188
172
173
174
175
176
151
188
56
181
182
183
37
156
157
158
159
160
106
115
116
36
