5
143
144
145
103
104
105
106
107
108
109
110
48
49
50
100
101
102
57
58
59
60
61
62
40
41
42
43
44
45
46
47
51
120
121
122
69
70
87
88
52
129
130
131
132
133
134
20
21
22
34
63
27
28
29
30
31
32
54
61
7
8
9
10
11
12
102
41
118
100
80
13
14
15
70
146
147
148
3
115
65
55
113
114
116
117
119
59
69
24
25
81
82
83
84
85
86
26
123
124
125
126
127
107
141
142
62
84
33
36
37
38
46
56
92
93
94
95
96
97
98
100
135
136
137
138
139
101
2
4
6
45
111
112
11
76
77
78
79
11
112
99
144
66
67
68
86
90
72
73
74
75
