97
114
115
27
28
29
80
81
82
101
102
103
104
128
129
130
131
132
98
99
91
92
93
51
52
53
54
55
56
57
64
65
66
67
68
69
70
71
96
100
106
107
108
109
110
111
112
5
6
7
8
9
10
11
83
14
15
16
17
18
19
20
21
77
41
42
43
44
45
46
24
116
144
145
146
1
4
3
18
81
126
127
59
64
90
94
95
18
58
60
94
78
79
95
121
122
123
124
125
44
48
49
50
130
13
144
139
140
141
142
143
15
22
23
65
139
61
62
63
114
119
120
133
134
135
136
137
138
102
105
86
35
80
121
147
148
149
150
48
40
25
26
76
30
31
32
33
34
36
37
16
132
87
88
89
58
72
73
74
75
122
