88
97
98
99
100
101
83
84
22
23
24
25
132
133
134
135
37
38
39
40
76
77
78
79
80
81
8
9
103
104
105
106
107
108
113
114
115
116
117
118
119
14
15
16
17
18
19
20
52
67
68
69
70
71
72
53
54
55
56
57
136
137
87
89
90
38
12
13
125
110
111
112
26
47
138
139
140
141
22
99
83
65
66
36
18
49
50
51
7
120
121
122
123
124
101
34
35
16
93
94
95
96
4
58
59
60
61
62
28
114
131
97
41
42
43
44
45
39
127
128
86
27
129
130
88
102
24
97
29
142
143
144
34
145
146
147
148
149
16
85
1
2
3
5
6
59
43
56
73
74
75
94
30
31
32
116
121
33
63
64
38
120
