84
155
156
157
158
159
160
49
50
51
52
35
36
37
38
39
128
129
53
54
55
56
57
58
59
60
120
121
122
123
124
125
126
31
32
33
34
146
147
148
149
150
151
190
191
192
193
194
90
91
92
93
94
95
96
91
78
164
165
161
162
163
166
167
65
120
111
168
169
170
171
172
79
70
20
21
22
23
24
25
26
95
142
143
144
145
191
181
182
183
184
185
186
36
30
90
68
79
81
34
178
179
180
53
71
72
73
74
75
76
77
112
85
86
87
88
89
84
113
114
115
116
117
118
119
29
137
48
173
84
33
12
13
14
62
25
134
135
63
64
66
67
69
164
145
57
84
127
130
131
132
