165
77
78
79
80
141
142
143
144
145
146
73
74
75
76
189
190
147
148
149
150
151
152
33
94
95
96
97
98
99
117
118
119
120
121
122
123
124
136
137
138
139
140
126
127
128
129
130
131
132
133
61
62
63
64
65
66
67
68
3
4
5
6
7
8
9
10
122
81
82
200
71
72
173
157
52
53
45
87
170
171
157
50
22
23
24
25
26
27
28
113
85
47
83
84
135
145
147
20
172
174
175
176
66
101
38
39
40
41
42
43
43
44
46
177
168
150
89
90
91
92
93
187
169
159
160
161
60
11
12
13
14
87
2
179
180
181
136
15
16
17
18
120
153
154
155
3
144
105
106
107
108
109
110
111
112
195
128
191
192
193
94
194
90
48
49
51
54
