88
48
49
50
51
52
98
99
106
107
32
33
34
35
100
101
102
114
131
132
133
134
135
136
137
116
117
118
119
120
121
122
8
115
85
86
87
89
90
128
129
130
124
125
126
127
83
84
3
12
13
14
15
16
17
18
4
5
20
21
22
23
24
123
6
76
40
128
53
54
55
56
57
58
59
121
74
75
77
24
46
47
38
39
41
42
52
103
137
19
69
70
124
30
31
36
37
70
71
72
73
92
60
27
28
29
20
138
139
140
141
142
143
144
7
61
62
72
96
97
108
109
138
86
63
64
65
142
9
10
14
110
111
145
146
8
30
2
136
46
105
43
44
45
98
40
78
79
68
28
112
1
113
90
80
118
147
47
85
