96
79
80
81
82
83
84
85
155
156
65
66
144
145
146
157
158
46
47
48
49
50
51
52
53
24
25
26
27
28
154
130
131
132
133
134
135
136
149
150
151
152
153
93
94
95
59
60
61
62
63
64
95
1
2
3
4
5
6
105
19
60
138
139
140
141
142
14
48
29
30
31
88
119
120
121
122
123
124
125
126
57
164
141
159
160
42
43
44
45
106
111
58
168
9
10
11
12
13
15
16
119
144
174
59
86
87
60
180
67
68
69
70
71
161
8
169
170
171
172
20
99
100
118
147
114
115
39
40
41
122
143
148
145
21
22
36
136
158
99
173
175
176
177
10
109
110
112
113
163
137
103
