100
111
135
136
137
138
139
24
25
26
27
28
172
173
174
175
122
123
124
102
103
7
8
9
10
11
12
13
14
5
6
4
36
37
38
39
40
41
42
157
158
159
160
161
162
163
164
98
80
81
82
83
84
85
86
95
96
97
99
146
165
166
167
168
169
170
62
63
64
65
66
67
68
2
55
56
57
58
59
60
61
89
130
104
105
156
118
119
120
121
114
132
133
134
64
105
43
49
50
51
52
111
141
142
143
87
163
144
19
20
21
22
86
145
74
75
76
21
23
168
127
128
129
131
101
125
126
107
108
109
110
176
177
112
54
15
16
82
69
70
71
72
73
8
33
34
35
102
88
90
91
92
93
94
14
17
18
119
113
71
77
126
139
46
47
48
94
153
44
53
149
29
30
31
