49
142
143
144
145
146
147
67
68
33
34
35
36
46
47
135
136
137
72
73
74
75
76
77
30
31
32
165
166
66
69
70
71
171
172
6
7
8
9
138
139
78
79
80
81
82
83
84
107
10
11
12
13
95
96
97
39
40
111
112
49
111
77
113
114
115
116
117
21
14
15
16
17
10
87
88
16
146
92
93
94
134
176
177
178
179
180
181
29
174
175
172
170
108
109
110
142
114
158
132
133
150
41
106
18
19
20
22
23
179
134
62
63
93
1
153
154
88
51
52
53
41
166
100
101
102
103
104
51
146
173
8
112
24
25
26
27
28
69
89
90
91
11
22
48
160
110
113
155
156
157
159
161
