165
150
151
152
153
154
155
52
53
22
23
24
25
26
112
113
158
159
160
161
162
163
164
41
42
43
44
45
46
47
48
20
21
11
12
13
14
118
119
120
121
122
123
124
125
137
138
139
140
141
142
143
154
60
61
62
63
64
8
13
13
19
73
10
75
111
110
94
95
96
97
98
99
64
144
136
114
169
78
79
80
81
82
69
106
107
108
109
90
15
65
66
67
68
70
129
3
9
133
15
91
92
93
12
114
127
86
87
88
89
154
74
76
77
128
102
166
167
168
170
171
172
18
51
54
87
173
174
145
146
147
148
83
95
131
27
28
12
29
30
72
69
149
49
74
175
176
116
