175
146
147
85
86
87
88
89
90
109
105
106
107
108
110
119
120
121
122
44
45
46
47
163
164
165
22
180
181
182
183
184
185
160
161
162
2
3
4
5
166
167
168
56
57
37
38
39
40
41
42
43
91
92
93
129
96
97
200
201
202
148
149
150
151
152
153
154
43
195
196
197
46
9
10
81
82
83
141
24
11
12
13
14
15
129
62
137
28
143
144
145
60
64
65
66
67
68
69
70
71
137
127
111
130
131
132
12
17
18
19
20
21
23
187
198
199
84
24
186
188
189
190
191
188
118
6
7
8
125
112
113
195
94
95
167
53
29
30
31
32
33
34
56
26
106
135
136
138
179
171
172
173
174
176
177
178
70
74
75
76
166
47
99
100
101
102
103
104
155
35
36
77
78
115
79
80
139
140
142
153
