134
99
100
101
102
103
104
105
12
13
14
15
16
17
18
19
122
123
124
125
126
127
128
129
153
154
155
156
157
158
159
160
20
21
7
8
9
10
11
2
3
4
5
6
161
162
195
196
197
198
199
106
107
108
109
110
111
50
146
147
148
149
150
70
38
62
63
64
65
66
67
68
69
76
8
163
164
165
166
121
151
152
120
172
112
113
114
115
25
192
1
185
186
187
188
189
190
103
113
96
196
117
51
52
53
54
55
56
104
82
83
84
85
86
55
146
46
170
61
133
77
78
79
80
71
116
150
72
73
74
131
167
135
136
32
158
173
174
175
176
177
178
179
180
80
5
81
28
29
30
31
33
34
69
119
42
43
44
45
47
48
100
57
35
36
37
33
