54
14
15
80
81
98
99
100
101
102
46
47
48
49
50
117
16
144
21
22
23
24
25
26
27
28
77
145
146
147
148
149
150
125
126
91
92
93
94
95
3
96
97
103
104
105
58
67
68
69
70
71
72
61
62
30
31
32
107
108
109
106
134
135
136
137
138
139
140
136
132
175
162
17
18
19
20
88
154
155
156
157
158
159
19
12
121
82
83
84
85
86
87
68
110
111
133
86
60
63
64
65
66
1
51
112
113
114
115
106
89
90
45
171
172
159
141
164
165
166
54
35
35
59
4
5
6
7
8
106
130
131
163
112
127
97
55
56
57
69
122
123
124
128
144
79
176
177
178
179
180
181
131
151
52
10
11
13
67
115
153
116
118
119
37
167
170
173
174
149
44
152
9
