58
71
72
73
74
75
76
77
78
196
197
66
67
68
69
70
59
60
65
2
3
4
5
6
7
8
9
61
62
107
108
109
110
111
112
113
114
36
37
38
39
40
195
198
199
200
22
23
24
25
19
20
21
11
12
13
14
15
16
17
18
30
114
94
95
96
97
59
155
156
157
158
159
196
155
105
106
201
202
203
204
14
193
194
27
79
80
31
151
152
153
4
88
154
28
92
93
98
39
142
145
146
147
148
149
150
105
81
29
26
19
86
87
89
90
91
173
133
134
135
136
155
39
143
135
43
44
45
46
47
48
49
50
78
34
35
51
189
190
191
192
63
57
82
83
84
85
109
111
176
177
178
179
180
181
182
1
160
161
162
73
115
116
57
117
118
52
100
