28
101
102
103
16
17
8
9
10
11
12
13
40
14
15
70
71
72
73
30
31
32
33
124
125
126
127
128
129
130
161
162
163
164
165
166
105
106
107
108
109
110
159
148
112
24
25
84
156
157
57
58
59
60
61
143
88
89
90
91
92
112
158
97
146
53
59
124
85
93
94
95
20
104
150
151
152
153
122
87
179
81
82
83
86
112
167
168
169
170
122
74
75
76
77
78
79
80
58
145
134
144
147
68
69
134
6
7
124
62
63
64
65
66
67
116
175
176
177
155
52
54
55
56
3
13
33
11
105
26
27
29
102
34
35
36
37
38
5
160
131
132
133
46
137
37
42
43
19
