63
195
196
197
198
199
200
201
12
13
14
15
16
17
18
19
51
52
53
54
55
56
57
72
73
74
75
76
77
131
132
133
134
135
136
183
184
185
186
187
188
189
41
42
43
44
45
46
47
179
180
181
182
4
5
6
194
86
87
88
89
90
91
71
33
34
35
100
168
169
170
171
172
173
174
175
128
109
3
25
114
115
116
54
171
32
36
26
196
190
191
144
145
146
147
33
67
78
78
72
103
104
105
106
107
108
23
167
138
139
140
141
142
143
111
32
33
95
96
97
98
99
149
7
8
9
10
11
196
156
118
119
120
59
151
152
153
154
155
148
108
110
112
113
183
28
29
30
31
35
74
50
161
165
166
78
79
80
81
82
83
84
85
73
116
