150
87
88
177
178
179
180
24
25
26
27
28
29
99
100
101
102
134
135
136
137
138
139
140
141
62
63
64
181
182
69
70
71
5
81
82
83
84
85
86
66
67
68
128
37
38
39
40
41
42
43
155
156
2
3
4
6
7
142
143
144
145
146
147
182
148
149
30
31
32
33
194
151
124
125
126
127
1
81
14
108
109
169
170
171
172
173
174
175
176
112
174
18
189
190
191
192
193
195
196
47
199
200
201
202
203
204
123
198
36
12
13
15
72
183
79
80
184
151
20
62
147
11
97
103
104
105
106
107
193
93
195
93
53
54
55
56
57
58
85
85
48
193
130
131
132
133
199
161
162
163
178
61
89
90
91
92
63
