158
200
184
18
19
20
21
22
23
24
25
26
27
28
48
49
50
88
89
90
91
131
132
133
134
160
153
154
155
156
157
187
188
189
190
191
192
193
197
198
199
201
202
147
159
161
126
127
128
129
130
61
62
72
73
74
75
53
54
55
56
116
117
185
186
135
136
74
175
123
124
182
22
16
17
47
121
102
103
68
90
68
72
129
95
96
97
98
99
100
29
179
52
148
149
150
118
2
3
176
162
163
164
167
108
109
110
112
111
113
114
115
25
176
32
33
34
35
36
37
30
70
71
195
196
39
111
169
140
141
100
80
81
82
72
164
4
5
6
7
98
76
114
140
194
51
13
14
15
185
83
84
85
86
