21
49
50
51
52
53
169
170
171
172
173
134
135
136
174
175
12
13
14
15
16
17
18
29
30
31
32
33
34
35
19
20
92
93
94
95
96
97
98
141
142
143
144
145
160
161
104
105
106
107
108
150
151
152
153
154
155
156
101
102
103
83
182
74
75
76
77
78
79
80
142
162
163
164
165
166
167
11
147
148
149
133
123
84
85
86
87
154
195
176
124
31
44
45
46
47
48
53
39
40
41
42
43
17
180
181
177
178
179
8
198
199
200
30
190
191
192
193
194
196
197
140
27
28
146
45
189
74
32
90
186
187
188
182
99
100
36
37
184
26
144
7
13
27
59
54
55
125
120
9
10
171
169
126
127
143
165
91
157
158
159
