55
38
39
40
41
142
143
69
70
71
72
73
172
173
174
175
176
177
168
169
170
171
122
123
124
156
157
160
161
59
60
61
62
63
64
81
121
102
103
104
105
199
58
9
10
11
12
42
43
44
45
46
75
76
77
78
79
80
185
186
187
188
189
190
191
192
103
150
77
146
105
29
30
91
178
179
119
118
120
153
154
155
143
108
109
113
135
32
33
34
121
8
23
24
145
148
86
87
103
122
140
141
162
163
164
165
166
36
141
11
151
152
101
144
147
149
94
3
4
5
6
7
144
110
111
112
40
21
22
25
26
27
92
179
1
2
150
114
115
116
117
117
20
184
59
65
66
131
132
133
134
176
193
82
83
84
