87
84
85
86
54
55
45
46
47
48
118
119
120
121
122
123
124
125
94
95
96
82
36
37
126
127
128
129
170
38
39
40
41
42
31
32
33
34
35
156
157
158
159
160
161
97
98
61
62
63
64
77
13
14
29
6
110
115
116
117
91
134
135
65
66
67
68
69
32
32
2
3
4
1
151
30
72
73
74
75
23
91
58
145
146
147
60
28
70
15
16
17
18
48
50
51
52
53
56
57
137
141
142
143
144
109
110
127
163
164
165
166
167
168
169
66
93
131
132
133
136
138
114
19
20
5
7
132
2
103
104
105
106
107
20
173
174
175
176
177
178
179
180
4
162
92
17
99
76
78
79
80
148
139
140
81
100
83
130
