156
76
77
130
131
132
133
134
135
57
58
59
60
61
62
63
87
88
89
90
91
92
93
94
180
181
182
183
184
36
37
38
39
40
41
42
199
200
201
202
198
203
20
21
22
23
24
25
4
5
194
195
188
189
190
191
192
193
149
150
151
152
153
154
155
60
44
170
171
172
173
174
175
176
141
152
129
65
30
16
139
140
131
162
163
164
153
47
48
49
50
51
52
53
54
100
17
18
54
19
168
177
67
173
90
187
104
105
106
107
108
109
110
111
50
157
158
159
160
111
98
99
101
102
103
125
96
97
119
13
64
66
68
69
70
88
112
113
43
45
46
22
79
136
137
138
131
183
93
95
14
15
95
114
115
116
73
82
44
190
117
118
26
27
28
29
31
32
10
84
91
99
165
166
167
169
