45
151
152
153
154
155
58
59
60
61
62
162
163
164
165
178
180
181
12
13
88
89
90
91
92
93
94
95
14
15
16
17
32
33
34
35
36
37
170
171
172
173
138
139
140
115
116
117
53
54
55
56
57
148
149
150
9
10
11
48
49
50
51
52
28
29
30
31
122
131
132
133
134
135
136
41
46
47
118
119
120
121
123
124
58
152
163
42
43
44
91
113
19
20
127
32
27
78
171
64
65
66
67
157
2
3
4
5
6
7
8
176
107
137
108
109
110
111
112
34
43
158
28
91
182
183
115
73
74
75
76
77
13
86
87
129
130
28
129
141
142
143
144
145
146
71
114
83
138
162
151
174
175
4
72
156
46
160
161
177
23
166
96
