89
156
157
158
159
160
161
162
163
167
168
169
170
171
95
96
97
98
99
100
134
135
136
137
138
139
140
141
118
172
173
174
175
176
78
79
16
17
18
19
20
21
22
177
178
179
180
181
14
15
23
24
25
26
27
28
29
101
132
133
90
91
92
93
94
105
34
35
36
37
38
39
34
96
80
81
82
83
140
65
43
44
45
46
47
117
128
56
57
58
59
84
169
30
60
61
62
63
64
127
3
4
5
6
160
164
165
166
11
154
155
31
32
33
51
102
103
104
106
107
108
109
34
123
124
122
125
126
133
150
151
152
153
65
95
179
52
53
54
76
149
7
8
9
10
157
117
69
70
71
72
135
182
144
145
83
129
48
49
144
116
131
73
74
75
176
31
88
55
79
113
142
143
16
12
147
148
101
183
184
185
186
