64
57
58
59
144
145
146
147
148
149
150
151
60
61
62
142
131
132
133
134
135
136
137
138
160
161
98
99
100
101
102
103
104
105
15
63
143
89
90
91
30
31
32
33
34
35
36
18
65
66
67
32
40
31
159
162
163
74
52
171
11
12
13
14
126
167
110
111
112
113
114
23
152
139
68
69
70
71
72
173
29
130
8
9
10
163
53
54
55
56
34
37
38
148
132
154
155
156
157
158
114
83
34
109
50
51
142
78
79
80
8
107
179
180
78
124
125
127
133
172
174
175
176
177
178
176
16
117
118
119
120
121
122
108
74
164
2
3
4
5
6
7
132
165
166
168
169
170
106
25
140
141
96
97
87
73
