137
86
87
88
122
123
124
125
126
127
128
129
142
143
144
145
146
147
148
120
121
53
54
55
56
57
58
59
60
8
9
75
76
77
78
79
85
71
72
73
74
109
110
10
11
12
13
117
118
119
80
81
82
83
84
41
127
121
93
94
95
96
26
102
103
104
105
106
7
92
89
90
91
56
101
97
98
99
100
132
1
2
3
4
5
6
47
39
40
62
63
91
107
108
17
18
19
20
21
22
23
24
29
44
45
41
114
115
116
75
48
49
50
51
52
98
126
138
144
130
111
140
141
112
113
38
134
135
84
65
66
112
115
27
28
30
31
32
61
34
35
42
43
30
107
67
25
46
86
133
33
131
136
87
41
70
37
139
21
16
149
