10
45
46
94
95
18
19
20
21
40
41
42
43
44
15
16
17
22
23
65
66
67
68
69
70
71
72
100
101
102
103
8
9
11
12
13
14
73
74
75
34
35
36
37
38
47
48
49
50
51
52
53
54
55
56
109
110
111
112
113
114
115
39
25
26
27
28
29
7
118
87
80
57
58
59
60
61
62
63
64
75
85
86
88
89
90
42
127
128
129
130
131
97
91
92
93
96
98
36
139
140
141
142
143
144
145
146
12
147
104
97
49
5
6
12
132
133
134
135
136
137
138
18
75
119
120
121
122
9
82
83
84
103
81
73
99
30
31
32
33
119
148
24
130
21
75
106
107
108
79
47
126
1
116
117
135
85
123
124
125
64
105
76
77
78
135
41
40
2
3
4
