75
126
127
128
129
130
131
45
20
21
22
23
24
25
26
101
102
103
104
108
109
110
57
58
105
87
88
89
90
91
7
8
9
31
32
33
34
35
36
114
115
116
117
118
119
120
121
133
134
135
136
137
138
16
17
18
19
61
62
63
64
46
47
48
49
50
5
6
111
111
6
1
25
92
93
94
95
96
97
98
99
56
142
143
144
145
70
68
69
71
72
13
4
65
66
130
107
73
74
76
24
130
132
124
125
29
60
139
140
138
10
11
12
14
15
40
122
54
135
67
37
110
53
55
28
77
78
79
80
81
2
44
2
112
113
68
106
100
77
59
82
83
84
82
141
146
147
144
85
86
78
105
30
51
36
38
39
41
42
15
43
102
52
124
