123
110
111
112
113
114
115
116
117
47
48
49
50
51
105
33
118
119
120
121
122
124
164
165
166
167
168
169
152
153
154
42
43
44
45
46
34
35
36
37
38
125
104
106
107
142
74
76
77
78
79
26
21
22
23
120
174
175
176
177
178
179
4
102
120
180
106
83
194
163
195
196
197
198
199
122
97
98
99
100
101
103
8
27
28
29
30
31
32
23
53
200
201
101
54
55
56
57
58
59
60
61
160
43
116
202
203
204
103
69
70
71
105
143
144
145
146
121
24
62
63
64
65
66
67
12
126
127
25
197
118
161
3
170
171
92
52
180
108
109
141
137
91
93
94
95
96
