123
48
49
50
63
64
65
66
67
68
69
70
13
14
15
16
17
18
19
71
72
73
74
75
76
100
162
163
164
165
166
110
111
112
113
114
152
153
154
155
156
157
158
159
160
161
6
7
8
9
142
143
35
36
37
60
61
62
77
78
79
80
52
4
1
2
3
5
56
171
172
173
174
175
176
177
178
77
148
149
150
12
130
131
132
133
134
135
136
102
115
116
47
45
125
41
42
43
44
69
96
97
98
140
179
180
181
182
85
57
58
109
52
152
84
86
87
88
89
90
91
77
166
138
192
193
194
195
196
197
198
80
137
139
141
48
126
20
21
22
23
24
25
26
105
165
107
108
159
117
118
119
120
189
187
151
199
81
82
83
182
90
184
185
186
188
190
127
99
101
29
32
167
168
169
170
121
10
11
144
145
146
178
183
46
