15
28
29
30
31
32
79
80
81
135
136
137
138
139
140
141
66
7
107
108
109
110
111
112
113
114
17
18
19
20
21
22
26
27
51
52
53
54
55
56
85
118
24
25
23
59
60
47
48
49
50
70
71
33
34
35
40
41
42
43
44
45
46
102
74
75
76
53
8
14
16
103
37
38
39
71
129
106
133
15
64
65
67
68
69
84
98
99
100
104
115
116
117
119
5
125
126
127
128
42
130
131
132
113
93
94
95
87
134
72
73
18
52
57
58
82
5
143
144
145
146
147
34
61
120
121
122
123
63
11
5
62
124
101
84
139
91
92
96
69
86
88
89
103
83
77
78
22
138
24
41
61
36
105
2
27
90
