123
4
5
6
7
8
9
10
130
131
132
133
134
135
136
137
58
91
92
93
94
95
96
97
59
60
61
62
63
19
20
21
22
23
24
25
26
89
90
154
155
156
157
158
159
118
119
120
121
122
84
85
86
124
125
126
34
35
36
37
38
68
69
70
71
72
73
74
75
81
43
44
45
46
90
174
175
176
177
178
179
180
181
35
15
59
140
141
142
143
144
145
141
28
29
30
31
32
134
160
161
162
92
110
111
112
113
114
115
116
117
84
79
80
98
99
100
101
102
36
182
183
90
146
147
148
149
98
1
2
3
80
169
96
22
138
18
56
57
57
101
175
147
20
49
50
51
52
53
54
55
110
105
82
83
75
13
14
16
79
26
75
106
107
17
164
165
166
167
168
137
74
39
40
41
42
