56
110
111
112
91
92
93
94
95
96
97
98
141
142
143
99
100
101
128
129
130
131
132
133
78
79
80
81
82
83
109
39
40
76
77
24
25
26
27
59
60
61
62
2
63
64
65
66
67
102
103
104
105
106
107
90
134
135
68
69
70
71
72
23
48
49
50
51
52
53
94
54
55
57
58
16
108
4
5
6
96
127
17
18
19
20
21
22
59
113
114
121
122
123
124
125
126
59
129
138
139
140
144
6
73
74
37
50
116
117
118
119
120
51
136
137
26
47
145
15
138
41
42
43
44
45
46
131
75
32
90
115
3
11
12
123
40
30
31
57
28
29
34
48
38
58
95
120
33
35
72
135
1
7
8
9
10
40
84
85
86
51
87
88
13
14
81
146
147
