137
6
7
50
51
52
53
54
55
129
130
74
75
76
77
78
79
26
85
86
131
132
106
8
9
109
110
111
112
113
114
115
60
61
62
63
64
34
35
36
37
38
39
68
69
70
71
80
81
133
134
135
136
65
105
107
108
66
67
56
57
58
59
21
98
99
4
5
10
11
15
51
129
103
104
132
65
12
13
6
14
16
138
110
126
127
128
30
118
72
100
101
102
15
14
27
28
29
126
40
41
42
43
44
79
21
110
73
87
88
89
101
90
91
92
93
94
95
96
85
41
31
32
33
35
139
140
141
42
1
18
19
20
22
20
46
47
48
101
82
83
84
48
97
23
24
25
126
49
142
143
144
100
119
120
121
73
124
17
47
116
117
125
97
145
122
123
