140
71
72
73
74
75
76
175
120
121
100
101
102
103
33
3
4
5
6
7
8
9
10
68
69
70
11
12
13
14
38
39
40
41
42
43
158
159
160
161
162
163
174
176
177
178
179
180
92
93
94
95
96
97
98
99
67
199
200
201
157
135
136
137
138
139
141
118
119
122
123
124
125
35
105
48
49
50
51
52
53
54
116
44
45
46
47
199
77
78
144
190
191
192
193
194
195
196
183
1
197
145
146
172
29
30
31
32
34
36
1
3
147
148
149
150
151
152
153
9
85
172
20
21
22
23
24
25
26
78
181
182
27
28
102
48
143
37
154
155
156
75
167
168
169
170
171
147
198
129
130
131
152
55
56
31
142
126
89
90
91
22
79
80
81
196
108
109
110
111
51
165
166
50
127
128
89
187
58
59
60
61
62
63
120
25
184
185
186
174
106
56
