47
84
85
86
87
88
89
90
67
68
69
109
110
111
112
113
114
115
116
129
130
131
132
133
57
70
71
41
42
43
44
97
98
99
100
101
103
104
105
106
107
91
92
93
94
42
1
95
96
37
38
127
126
128
115
10
120
121
122
37
2
73
74
75
48
38
33
34
35
36
140
17
18
19
20
21
22
143
109
134
135
136
137
138
139
105
76
77
78
68
79
80
81
41
124
15
16
18
45
46
58
59
60
61
62
63
64
73
83
17
40
117
118
119
139
109
82
6
7
8
125
52
53
54
55
56
125
72
66
54
23
24
25
1
13
14
39
141
142
63
65
11
12
24
88
102
108
123
33
9
26
27
28
29
30
41
