40
58
59
60
61
191
173
174
175
176
177
178
179
180
187
125
126
127
39
130
131
132
133
19
20
21
22
23
101
65
66
67
68
69
70
71
72
104
105
106
81
82
83
84
85
86
87
24
25
26
27
28
29
30
57
183
184
84
138
139
140
141
172
4
33
34
35
36
37
137
117
118
119
120
121
122
123
200
156
168
194
195
196
197
198
199
147
201
202
54
55
56
114
31
45
46
47
48
49
50
51
116
134
135
136
69
79
80
53
62
150
129
124
115
55
38
41
42
43
176
144
145
146
174
92
52
23
125
33
71
44
95
96
97
38
10
11
12
13
196
190
192
193
118
7
8
9
114
100
102
103
158
89
90
91
93
94
88
99
143
171
63
148
149
151
152
