37
108
109
110
111
112
150
151
152
153
154
155
156
157
200
201
202
203
92
93
94
95
96
97
98
99
22
23
24
25
26
165
166
167
168
169
103
104
105
106
107
27
28
29
173
122
176
177
178
179
180
96
48
49
50
51
52
53
54
99
187
188
1
12
13
14
15
44
67
68
69
70
71
72
73
171
132
164
83
84
85
86
78
35
6
7
8
168
36
38
37
6
55
56
57
58
83
170
172
116
117
118
5
59
60
61
62
65
144
145
146
167
204
205
38
100
101
102
156
7
135
136
137
134
149
143
43
45
127
39
40
41
42
76
23
80
81
82
76
30
31
32
33
34
53
147
72
195
196
197
198
199
100
16
198
