173
61
62
63
64
65
66
67
68
60
91
90
92
93
94
55
149
150
151
152
153
154
74
75
76
77
78
170
171
169
172
174
175
176
160
161
162
163
164
165
83
95
96
35
36
37
38
39
40
154
133
116
58
59
41
57
131
141
142
143
45
113
180
44
46
47
48
49
50
51
81
159
166
39
107
112
114
115
117
118
62
132
83
136
42
43
36
119
120
121
122
123
124
112
80
162
12
13
14
15
16
17
18
128
125
134
52
53
54
56
151
7
8
9
114
29
30
31
32
40
177
109
168
126
127
52
19
20
21
22
120
69
70
155
156
157
158
146
26
27
28
79
23
34
147
148
77
82
130
