71
15
76
77
78
90
91
92
93
94
95
96
97
135
70
72
73
74
75
180
181
182
183
184
185
186
98
99
100
101
102
144
145
146
53
54
55
56
57
58
59
88
89
2
3
4
5
6
86
87
36
40
41
172
173
51
143
147
148
149
120
138
9
168
169
170
171
11
139
140
165
166
167
8
69
174
175
176
177
178
102
160
161
162
163
123
1
7
38
36
114
115
116
117
118
119
121
81
48
49
50
67
35
124
125
162
52
152
153
154
155
156
65
103
104
138
150
37
39
42
43
27
13
19
20
21
22
23
24
32
25
26
18
123
115
145
126
127
128
129
130
131
132
93
133
134
15
179
68
122
136
137
135
108
109
110
111
112
113
8
21
141
105
106
107
163
151
170
28
14
16
