62
163
164
165
166
167
168
169
170
138
139
140
141
142
143
149
150
151
152
153
154
155
57
58
59
60
27
28
29
30
39
40
41
42
109
110
111
112
113
114
175
176
177
178
179
180
181
130
131
132
133
134
135
136
137
169
137
89
90
11
120
121
122
44
87
88
91
92
76
43
145
146
147
148
180
158
57
24
3
4
5
164
171
172
173
47
13
14
15
16
17
18
19
20
49
66
36
105
106
107
108
157
31
32
33
34
35
37
106
90
83
127
182
123
102
103
104
122
2
133
6
86
149
131
38
82
127
43
115
67
68
69
70
71
76
125
126
128
129
90
121
144
7
8
9
10
12
