99
56
93
94
95
96
97
98
100
71
72
73
74
75
76
9
10
11
12
13
14
101
139
140
141
142
143
144
132
46
47
36
37
38
7
8
118
119
123
117
120
121
122
124
145
146
63
64
65
66
67
68
69
70
39
40
41
42
29
147
148
149
132
100
5
6
50
120
62
102
103
104
105
40
30
31
32
33
1
86
87
78
34
35
17
108
57
58
59
51
114
115
116
88
133
134
24
18
45
28
125
126
127
128
140
110
111
112
113
13
3
72
48
49
52
53
54
55
5
16
19
20
21
22
10
68
89
90
91
92
52
127
80
81
82
83
84
85
76
15
22
106
107
109
127
108
135
88
22
25
26
27
86
130
131
129
