60
49
50
51
52
24
25
43
44
45
46
47
48
125
126
127
128
129
30
31
14
15
16
17
18
85
99
100
101
102
103
92
93
94
95
96
97
104
105
106
107
35
139
140
141
142
53
54
55
116
117
118
37
38
113
114
115
9
10
11
12
130
143
144
145
146
147
66
67
68
69
70
71
130
91
108
109
110
111
132
56
57
58
66
100
77
78
79
80
81
128
115
57
135
136
137
138
47
80
4
5
6
7
8
115
40
41
42
115
90
39
86
87
88
89
83
105
98
112
65
32
59
21
22
23
43
142
85
13
72
73
74
75
75
76
98
63
64
4
93
119
120
121
122
140
123
124
84
111
55
33
34
36
103
133
134
77
148
149
19
20
64
82
