10
84
85
86
87
88
89
90
2
3
4
5
125
126
127
128
129
130
131
132
106
107
108
47
48
49
50
51
52
53
54
59
60
116
117
34
35
36
6
7
8
9
11
142
143
144
145
146
147
12
13
14
148
149
82
83
61
62
63
91
92
93
94
95
96
97
98
88
27
28
29
30
31
32
132
113
114
115
129
83
99
119
132
33
37
38
39
40
27
100
101
102
103
104
105
111
15
54
19
12
44
45
10
43
112
34
110
133
134
22
16
17
18
65
55
56
66
120
121
122
123
124
9
58
20
21
23
65
139
140
141
135
108
61
16
118
80
72
73
50
109
136
137
138
67
64
41
42
83
78
79
81
130
76
57
55
69
70
71
