110
68
69
70
71
72
73
74
75
115
116
117
135
136
61
62
63
64
65
102
83
128
129
130
131
132
50
51
52
53
118
119
120
121
122
123
113
137
138
139
126
133
134
6
59
60
66
140
141
142
143
144
55
105
106
107
108
109
75
20
21
22
23
72
38
39
40
8
95
96
97
98
122
2
92
124
125
127
102
35
36
37
41
106
56
57
58
32
103
27
93
94
99
100
21
42
43
44
45
46
134
27
84
85
86
87
88
28
43
1
29
41
28
24
25
111
112
53
100
34
10
11
31
101
78
79
80
81
82
69
52
77
67
75
47
48
105
71
45
114
5
105
133
145
146
147
148
149
150
