63
102
103
104
105
106
107
130
131
119
120
121
122
123
124
125
142
55
56
57
58
59
60
140
141
143
144
145
146
147
17
18
53
54
127
128
129
19
20
21
22
23
26
27
28
29
30
31
65
113
114
115
116
117
118
36
50
51
52
83
77
78
79
80
81
82
7
148
149
20
93
62
64
66
67
68
69
53
91
92
94
95
69
32
33
34
35
37
1
75
76
117
71
72
73
74
18
126
6
8
9
10
11
12
7
61
16
20
63
7
141
83
108
39
40
41
42
43
44
45
46
38
70
97
98
99
100
101
73
137
87
88
32
95
4
5
137
133
109
13
118
43
89
90
47
42
139
150
24
25
20
132
110
111
112
