57
44
45
46
47
60
61
62
63
21
22
23
24
29
30
31
32
33
34
137
41
42
43
101
109
110
111
112
113
114
115
53
97
98
99
100
102
103
104
40
25
142
143
89
90
91
92
93
131
132
133
134
135
136
138
35
116
117
118
119
120
121
36
37
38
39
18
19
20
92
48
43
114
144
145
52
54
55
26
108
73
74
75
76
125
71
80
106
107
1
106
17
139
140
144
127
128
129
130
6
58
141
14
15
16
27
72
11
12
13
24
30
61
126
7
28
58
77
122
50
94
95
124
9
10
3
78
79
81
82
83
84
137
123
56
59
95
94
86
87
47
8
105
96
74
146
147
56
70
36
125
64
65
66
67
68
69
106
85
88
