90
117
118
119
120
121
56
69
87
124
125
126
127
128
129
130
13
14
15
16
123
31
32
33
95
96
97
116
35
36
37
38
39
40
27
28
29
30
82
122
65
66
67
68
70
17
20
115
2
3
4
58
59
60
61
62
63
64
88
89
91
92
68
49
50
51
52
53
54
134
144
145
146
147
148
119
5
6
47
6
21
7
8
9
65
131
132
139
140
141
142
143
16
37
110
111
112
113
114
17
126
34
10
11
74
83
84
85
86
18
55
57
109
10
31
93
136
137
104
22
41
93
93
10
12
73
75
76
77
17
94
98
25
26
94
32
149
150
151
5
105
106
107
108
141
19
133
35
48
135
138
100
43
23
24
25
78
79
80
81
15
71
111
136
103
42
44
