16
136
137
138
139
11
12
37
38
39
40
7
90
91
92
93
94
95
96
97
99
36
35
41
42
106
107
108
79
80
81
82
83
114
115
116
117
118
119
120
127
128
129
130
131
132
133
10
13
14
15
17
18
19
20
21
22
23
24
78
84
134
135
82
105
99
134
67
121
66
68
69
70
71
72
73
111
64
65
96
98
100
101
102
114
109
110
112
1
79
20
71
140
141
142
143
144
145
23
63
27
28
57
109
73
103
122
123
124
10
43
44
45
78
60
83
14
25
104
74
75
76
77
23
113
135
58
59
61
62
93
146
147
148
149
141
51
52
53
54
55
56
84
71
9
48
49
50
140
125
58
