124
176
177
178
179
180
181
182
47
48
100
101
102
103
104
105
106
107
167
168
169
170
112
113
162
3
4
5
6
7
8
9
10
163
164
99
145
146
147
148
149
150
151
71
72
97
98
114
115
116
117
118
53
54
55
56
57
58
20
60
90
91
92
93
94
95
96
135
94
68
49
50
51
52
139
133
134
136
137
49
17
18
19
21
22
100
31
83
84
88
81
82
85
86
83
156
28
29
30
166
43
44
45
121
71
138
32
33
34
35
11
99
78
23
24
25
26
27
86
131
132
121
119
173
150
108
109
110
111
86
171
172
174
175
47
129
69
70
73
74
75
68
137
68
94
38
76
155
78
