18
133
70
71
72
73
74
75
104
105
149
150
151
152
117
118
66
45
46
47
48
49
50
98
99
61
62
63
64
65
67
119
120
27
28
113
114
153
154
155
156
157
158
159
29
30
68
69
179
180
181
182
183
184
185
186
108
109
187
175
176
177
178
34
35
36
71
76
166
167
168
169
1
17
19
20
46
106
33
51
52
53
2
92
123
124
125
126
127
94
178
3
4
5
6
7
8
13
75
97
100
120
37
150
38
39
40
41
42
33
95
28
1
10
167
142
143
144
26
135
58
160
161
162
76
163
110
174
45
147
148
97
139
140
141
145
152
128
129
130
161
164
165
146
30
121
