83
51
52
53
54
55
56
57
119
20
21
22
23
24
84
85
86
87
88
89
90
112
113
114
115
170
171
172
173
174
175
176
101
102
103
104
105
106
107
108
162
163
164
165
166
167
33
34
35
36
169
200
46
44
1
191
159
160
161
71
182
178
72
73
74
75
76
110
182
137
138
139
140
184
64
40
168
146
147
148
149
112
139
124
93
94
95
96
97
98
17
135
132
188
67
68
69
70
15
23
43
87
201
192
193
194
195
176
54
134
136
181
116
117
118
120
121
122
123
96
160
127
128
129
130
131
6
198
102
133
63
158
37
38
39
41
42
107
179
180
183
185
198
125
126
31
111
142
143
144
145
