94
192
193
195
196
197
198
199
200
201
202
135
136
105
106
107
108
133
134
137
138
139
140
127
128
129
130
131
187
188
189
190
191
194
110
111
112
113
7
8
9
10
11
12
3
4
13
14
87
88
90
91
179
180
181
182
183
184
185
73
74
75
186
124
125
186
43
20
21
22
23
24
25
26
113
40
41
42
44
90
109
35
36
143
32
33
34
37
38
39
165
154
155
156
157
158
159
187
82
83
15
16
17
25
160
161
162
163
164
69
148
64
126
52
53
54
55
1
51
56
57
107
71
72
76
77
78
118
113
85
149
150
151
152
153
20
165
92
29
30
31
33
133
105
89
93
58
59
60
61
62
17
27
102
103
104
15
191
65
70
66
67
68
156
179
146
175
167
168
169
170
171
172
115
186
162
173
174
176
