110
40
61
62
63
174
175
176
177
178
11
12
123
124
125
126
127
128
121
122
66
67
68
69
13
14
15
16
17
18
179
180
181
182
155
156
51
52
53
54
55
56
57
58
169
170
171
172
173
130
163
164
165
166
167
168
123
19
20
126
21
99
100
101
102
103
104
105
106
85
43
44
45
46
47
66
136
137
89
90
91
92
93
94
119
27
28
29
30
31
32
33
157
178
56
126
59
60
135
130
2
3
4
121
81
113
114
127
5
48
92
23
116
158
159
160
161
162
86
10
49
50
60
36
139
8
9
60
78
38
108
109
111
112
170
16
7
26
179
74
75
76
77
79
80
74
24
25
33
53
6
22
23
30
34
35
