152
13
14
132
111
76
77
78
79
80
81
131
56
57
128
129
130
133
160
161
162
163
164
165
10
11
12
15
43
44
105
106
107
108
109
110
75
52
53
54
55
82
83
84
101
102
103
29
30
31
32
33
34
126
19
20
21
39
40
41
51
24
25
26
27
28
170
41
35
36
37
38
38
170
23
178
179
180
181
182
183
184
185
116
85
86
87
88
5
123
124
171
172
173
174
157
3
4
6
7
8
9
143
142
98
99
100
172
104
175
176
177
100
71
72
73
74
132
67
153
127
134
171
122
125
46
48
83
108
42
49
50
133
149
150
151
154
155
96
144
145
146
147
146
16
17
106
141
148
47
116
58
59
121
58
13
20
97
117
118
119
120
69
5
68
70
54
