154
172
173
174
175
176
177
178
98
99
119
120
121
122
123
124
125
126
21
22
23
90
91
92
93
94
95
32
33
34
35
36
37
38
3
4
5
6
81
82
137
41
120
62
63
64
24
85
169
61
53
54
55
11
171
66
67
122
118
100
101
102
103
104
171
148
61
153
155
156
157
126
132
133
134
135
136
170
172
50
51
52
56
57
94
149
132
70
71
72
148
39
66
146
147
139
140
141
142
143
144
128
109
110
77
84
131
150
151
152
149
96
97
168
73
10
12
13
14
15
167
111
112
113
114
115
87
161
162
163
164
165
166
33
143
38
127
129
105
106
107
108
