146
43
44
183
184
185
186
187
188
181
182
112
113
114
115
151
152
153
154
155
92
93
94
82
83
84
120
121
122
123
124
66
67
68
137
138
72
73
3
4
5
6
7
8
158
159
160
161
125
126
127
128
129
130
20
21
22
23
24
13
111
41
42
45
89
103
104
105
106
107
108
132
189
190
191
192
193
194
141
198
88
58
59
60
61
62
63
64
161
129
98
99
100
101
102
102
76
109
198
113
195
196
184
144
197
199
95
96
97
174
46
147
148
149
179
167
168
169
170
171
172
68
14
15
16
17
18
121
160
39
47
48
49
50
51
53
53
180
200
201
202
132
28
29
30
31
32
33
34
35
55
131
133
134
180
139
140
142
6
41
143
19
25
26
27
197
87
145
