41
102
103
104
105
106
107
24
157
3
4
5
6
7
8
9
10
79
127
128
129
130
131
132
136
137
138
139
140
141
70
71
72
73
74
75
162
163
164
179
180
181
182
183
89
90
91
92
93
94
95
168
169
170
171
172
173
174
144
36
147
148
149
150
151
152
153
154
92
84
85
86
87
88
112
2
124
86
106
30
165
166
167
2
28
29
81
186
187
188
189
190
191
192
193
68
125
142
143
41
113
105
78
80
133
134
135
53
24
120
26
175
176
27
48
118
119
121
122
72
131
111
114
115
116
117
115
153
80
16
17
18
19
199
100
108
109
110
186
62
45
46
47
49
50
51
126
20
21
22
177
174
